     #evaluations  time (s)                                           genotype                                          phenotype    fitness  is_vtr  seed
0               1  0.000516  [ 7 15 21 20 17  5 18 25 10  9  6 16  3  0 22 ...  [ 7 15 21 20 17  5 18 25 10  9  6 16  3  0 22 ...  6022805.0   False    42
1               2  0.001517  [ 8 10  6 17 25 11  5  1 18 23  4 21  0  7 19 ...  [ 8 10  6 17 25 11  5  1 18 23  4 21  0  7 19 ...  5841038.0   False    42
2               8  0.004508  [19 25 18  6  5 14  4  3  7  1 17  8  0 16 22 ...  [19 25 18  6  5 14  4  3  7  1 17  8  0 16 22 ...  5777598.0   False    42
3              53  0.019468  [ 6  3 24 23  5 10  9  4 15 14 20 12  0 22 21 ...  [ 6  3 24 23  5 10  9  4 15 14 20 12  0 22 21 ...  5718685.0   False    42
4              54  0.021465  [ 7 19 21 20  0 25  1  9 16  3 23 18 13 14 11 ...  [ 7 19 21 20  0 25  1  9 16  3 23 18 13 14 11 ...  5713392.0   False    42
..            ...       ...                                                ...                                                ...        ...     ...   ...
337         19548  6.578726  [ 7 11  1 10 13 25 24 20  0  6  3 17 19 18 21 ...  [ 7 11  1 10 13 25 24 20  0  6  3 17 19 18 21 ...  5448405.0   False    51
338         21271  7.127756  [ 7 11  1 10 13 25 24 20  0  6  3 17 19 18 22 ...  [ 7 11  1 10 13 25 24 20  0  6  3 17 19 18 22 ...  5446310.0   False    51
339         22656  7.606183  [ 7 11  1 10 13  2 25 24  0  6  3 17 19 18 22 ...  [ 7 11  1 10 13  2 25 24  0  6  3 17 19 18 22 ...  5444268.0   False    51
340         23719  7.956873  [ 7 11  1 10 13  2 25 24  0  6  3 17 19 18 15 ...  [ 7 11  1 10 13  2 25 24  0  6  3 17 19 18 15 ...  5443804.0   False    51
341         26953  9.027390  [ 7 11  1 10 13  6 25 24  0 20  3 17 19 18 22 ...  [ 7 11  1 10 13  6 25 24  0 20  3 17 19 18 22 ...  5443723.0   False    51

[342 rows x 7 columns]